 Incident particle is a   Muon with M =   105.65839 MeV
 Index =  281:  standard rock
      Absorber with <Z/A> =  0.50000, density = 2.650          
 Sternheimer coef:  a     k=m_s   x_0    x_1    I[eV]   Cbar  delta0 
                 0.0830  3.4120  0.0492  3.0549  136.4  3.7738 0.00
 ( Restricted energy loss for Tcut = 0.05 MeV
 Table written with (1X, 1P9E10.3,0PF8.4,1pE10.3)          post-Born included in pair prod
 *** Results below 10 MeV are not dependable ***
      T         p     Ionization  brems     pair     photonuc  Radloss    dE/dx   CSDA Range dltterm dE/dx|_R
    [MeV]    [MeV/c]  -----------------------[MeV cm^2/g]------------------------  [g/cm^2]  --[MeV cm^2/g]--
  1.000E+00 1.457E+01 2.643E+00 0.000E+00 0.000E+00 4.771E-05 4.771E-05 5.286E+00 2.311E-03  0.0000 4.060E+01
  1.200E+00 1.597E+01 3.517E+01 0.000E+00 0.000E+00 4.780E-05 4.780E-05 3.517E+01 7.619E-03  0.0000 3.517E+01
  1.400E+00 1.726E+01 3.112E+01 0.000E+00 0.000E+00 4.789E-05 4.789E-05 3.112E+01 1.368E-02  0.0000 3.112E+01
  1.700E+00 1.903E+01 2.667E+01 0.000E+00 0.000E+00 4.802E-05 4.802E-05 2.667E+01 2.413E-02  0.0000 2.667E+01
  2.000E+00 2.066E+01 2.342E+01 0.000E+00 0.000E+00 4.816E-05 4.816E-05 2.342E+01 3.616E-02  0.0000 2.342E+01
  2.500E+00 2.312E+01 1.960E+01 0.000E+00 0.000E+00 4.838E-05 4.838E-05 1.960E+01 5.961E-02  0.0000 1.960E+01
  3.000E+00 2.536E+01 1.694E+01 0.000E+00 0.000E+00 4.860E-05 4.860E-05 1.694E+01 8.713E-02  0.0000 1.673E+01
  3.500E+00 2.742E+01 1.498E+01 0.000E+00 0.000E+00 4.883E-05 4.883E-05 1.498E+01 1.186E-01  0.0000 1.462E+01
  4.000E+00 2.935E+01 1.347E+01 0.000E+00 0.000E+00 4.905E-05 4.905E-05 1.347E+01 1.539E-01  0.0000 1.302E+01
  4.500E+00 3.116E+01 1.227E+01 0.000E+00 0.000E+00 4.927E-05 4.927E-05 1.227E+01 1.928E-01  0.0000 1.176E+01
  5.000E+00 3.289E+01 1.129E+01 0.000E+00 0.000E+00 4.950E-05 4.950E-05 1.129E+01 2.353E-01  0.0000 1.074E+01
  5.500E+00 3.453E+01 1.047E+01 0.000E+00 0.000E+00 4.972E-05 4.972E-05 1.047E+01 2.814E-01  0.0000 9.902E+00
  6.000E+00 3.611E+01 9.784E+00 0.000E+00 0.000E+00 4.994E-05 4.994E-05 9.784E+00 3.308E-01  0.0000 9.197E+00
  7.000E+00 3.909E+01 8.681E+00 0.000E+00 0.000E+00 5.039E-05 5.039E-05 8.681E+00 4.395E-01  0.0000 8.080E+00
  8.000E+00 4.189E+01 7.834E+00 0.000E+00 0.000E+00 5.084E-05 5.084E-05 7.834E+00 5.610E-01  0.0000 7.233E+00
  9.000E+00 4.453E+01 7.164E+00 0.000E+00 0.000E+00 5.129E-05 5.129E-05 7.164E+00 6.946E-01  0.0000 6.568E+00
  1.000E+01 4.704E+01 6.619E+00 0.000E+00 0.000E+00 5.173E-05 5.173E-05 6.619E+00 8.400E-01  0.0000 6.033E+00
  1.200E+01 5.177E+01 5.787E+00 0.000E+00 0.000E+00 5.263E-05 5.263E-05 5.787E+00 1.164E+00  0.0000 5.221E+00
  1.400E+01 5.616E+01 5.180E+00 0.000E+00 0.000E+00 5.352E-05 5.352E-05 5.180E+00 1.530E+00  0.0000 4.636E+00
  1.700E+01 6.230E+01 4.524E+00 0.000E+00 0.000E+00 5.487E-05 5.487E-05 4.524E+00 2.152E+00  0.0000 4.010E+00
  2.000E+01 6.802E+01 4.057E+00 0.000E+00 0.000E+00 5.621E-05 5.621E-05 4.057E+00 2.854E+00  0.0000 3.568E+00
  2.500E+01 7.686E+01 3.520E+00 0.000E+00 0.000E+00 5.844E-05 5.844E-05 3.520E+00 4.183E+00  0.0000 3.064E+00
  3.000E+01 8.509E+01 3.157E+00 0.000E+00 0.000E+00 6.068E-05 6.068E-05 3.157E+00 5.687E+00  0.0000 2.726E+00
  3.500E+01 9.285E+01 2.897E+00 0.000E+00 0.000E+00 6.292E-05 6.292E-05 2.897E+00 7.343E+00  0.0000 2.485E+00
  4.000E+01 1.003E+02 2.701E+00 0.000E+00 0.000E+00 6.515E-05 6.515E-05 2.702E+00 9.133E+00  0.0000 2.304E+00
  4.500E+01 1.074E+02 2.550E+00 0.000E+00 0.000E+00 6.739E-05 6.739E-05 2.550E+00 1.104E+01  0.0000 2.164E+00
  5.000E+01 1.143E+02 2.430E+00 5.446E-07 0.000E+00 6.963E-05 7.017E-05 2.430E+00 1.305E+01  0.0000 2.053E+00
  5.500E+01 1.210E+02 2.331E+00 1.383E-06 0.000E+00 7.186E-05 7.325E-05 2.331E+00 1.515E+01 -0.0008 1.962E+00
  6.000E+01 1.276E+02 2.249E+00 2.246E-06 0.000E+00 7.410E-05 7.634E-05 2.249E+00 1.734E+01 -0.0027 1.885E+00
  7.000E+01 1.403E+02 2.121E+00 4.044E-06 0.000E+00 7.857E-05 8.262E-05 2.122E+00 2.192E+01 -0.0062 1.767E+00
  8.000E+01 1.527E+02 2.028E+00 5.935E-06 0.000E+00 8.304E-05 8.898E-05 2.029E+00 2.675E+01 -0.0095 1.679E+00
  9.000E+01 1.647E+02 1.958E+00 7.912E-06 0.000E+00 8.752E-05 9.543E-05 1.958E+00 3.177E+01 -0.0125 1.612E+00
  1.000E+02 1.764E+02 1.904E+00 9.973E-06 0.000E+00 9.199E-05 1.020E-04 1.904E+00 3.695E+01 -0.0154 1.560E+00
  1.200E+02 1.994E+02 1.828E+00 1.433E-05 0.000E+00 1.009E-04 1.153E-04 1.828E+00 4.768E+01 -0.0208 1.484E+00
  1.400E+02 2.218E+02 1.779E+00 1.896E-05 0.000E+00 1.099E-04 1.288E-04 1.779E+00 5.878E+01 -0.0257 1.433E+00
  1.700E+02 2.546E+02 1.734E+00 2.641E-05 0.000E+00 1.233E-04 1.497E-04 1.735E+00 7.588E+01 -0.0326 1.382E+00
  2.000E+02 2.868E+02 1.710E+00 3.438E-05 0.000E+00 1.367E-04 1.711E-04 1.710E+00 9.331E+01 -0.0390 1.350E+00
  2.500E+02 3.396E+02 1.691E+00 4.871E-05 0.000E+00 1.591E-04 2.078E-04 1.692E+00 1.227E+02 -0.0488 1.319E+00
  2.969E+02 3.884E+02 1.688E+00 6.418E-05 0.000E+00 1.815E-04 2.456E-04 1.688E+00  Minimum ionization
  3.000E+02 3.917E+02 1.688E+00 6.418E-05 0.000E+00 1.815E-04 2.456E-04 1.688E+00 1.523E+02 -0.0578 1.302E+00
  3.500E+02 4.432E+02 1.691E+00 8.064E-05 0.000E+00 2.038E-04 2.845E-04 1.691E+00 1.819E+02 -0.0662 1.292E+00
  4.000E+02 4.945E+02 1.698E+00 9.800E-05 0.000E+00 2.262E-04 3.242E-04 1.698E+00 2.114E+02 -0.0741 1.287E+00
  4.500E+02 5.455E+02 1.707E+00 1.162E-04 0.000E+00 2.485E-04 3.647E-04 1.707E+00 2.408E+02 -0.0815 1.284E+00
  5.000E+02 5.964E+02 1.716E+00 1.350E-04 0.000E+00 2.709E-04 4.059E-04 1.717E+00 2.700E+02 -0.0885 1.283E+00
  5.500E+02 6.471E+02 1.726E+00 1.546E-04 0.000E+00 2.933E-04 4.479E-04 1.727E+00 2.991E+02 -0.0952 1.282E+00
  6.000E+02 6.977E+02 1.736E+00 1.747E-04 0.000E+00 3.156E-04 4.904E-04 1.737E+00 3.279E+02 -0.1015 1.282E+00
  7.000E+02 7.987E+02 1.756E+00 2.168E-04 0.000E+00 3.604E-04 5.771E-04 1.756E+00 3.852E+02 -0.1133 1.284E+00
  8.000E+02 8.995E+02 1.774E+00 2.608E-04 0.000E+00 4.051E-04 6.659E-04 1.775E+00 4.418E+02 -0.1242 1.286E+00
  9.000E+02 1.000E+03 1.792E+00 3.066E-04 0.000E+00 4.498E-04 7.564E-04 1.792E+00 4.979E+02 -0.1343 1.289E+00
  1.000E+03 1.101E+03 1.808E+00 3.540E-04 1.733E-05 4.946E-04 8.659E-04 1.808E+00 5.534E+02 -0.1436 1.291E+00
  1.200E+03 1.301E+03 1.836E+00 4.531E-04 8.552E-05 5.840E-04 1.123E-03 1.837E+00 6.631E+02 -0.1607 1.296E+00
  1.400E+03 1.502E+03 1.861E+00 5.572E-04 1.629E-04 6.735E-04 1.394E-03 1.862E+00 7.712E+02 -0.1759 1.301E+00
  1.700E+03 1.803E+03 1.893E+00 7.212E-04 2.937E-04 8.077E-04 1.823E-03 1.895E+00 9.309E+02 -0.1959 1.306E+00
  2.000E+03 2.103E+03 1.920E+00 8.933E-04 4.395E-04 9.451E-04 2.278E-03 1.922E+00 1.088E+03 -0.2136 1.311E+00
  2.500E+03 2.604E+03 1.957E+00 1.195E-03 7.102E-04 1.186E-03 3.092E-03 1.960E+00 1.346E+03 -0.2388 1.317E+00
  3.000E+03 3.104E+03 1.986E+00 1.512E-03 1.010E-03 1.431E-03 3.953E-03 1.990E+00 1.599E+03 -0.2604 1.322E+00
  3.500E+03 3.604E+03 2.011E+00 1.843E-03 1.334E-03 1.677E-03 4.854E-03 2.016E+00 1.848E+03 -0.2792 1.326E+00
  4.000E+03 4.104E+03 2.033E+00 2.184E-03 1.679E-03 1.926E-03 5.789E-03 2.038E+00 2.095E+03 -0.2959 1.329E+00
  4.500E+03 4.604E+03 2.051E+00 2.536E-03 2.042E-03 2.177E-03 6.754E-03 2.058E+00 2.339E+03 -0.3109 1.331E+00
  5.000E+03 5.105E+03 2.067E+00 2.898E-03 2.424E-03 2.424E-03 7.745E-03 2.075E+00 2.581E+03 -0.3245 1.333E+00
  5.500E+03 5.605E+03 2.082E+00 3.273E-03 2.831E-03 2.652E-03 8.755E-03 2.091E+00 2.821E+03 -0.3370 1.335E+00
  6.000E+03 6.105E+03 2.095E+00 3.656E-03 3.252E-03 2.879E-03 9.786E-03 2.105E+00 3.059E+03 -0.3486 1.336E+00
  7.000E+03 7.105E+03 2.118E+00 4.442E-03 4.134E-03 3.331E-03 1.191E-02 2.130E+00 3.531E+03 -0.3693 1.339E+00
  8.000E+03 8.105E+03 2.138E+00 5.253E-03 5.062E-03 3.780E-03 1.409E-02 2.152E+00 3.998E+03 -0.3876 1.340E+00
  9.000E+03 9.105E+03 2.155E+00 6.086E-03 6.029E-03 4.227E-03 1.634E-02 2.171E+00 4.461E+03 -0.4039 1.342E+00
  1.000E+04 1.011E+04 2.170E+00 6.939E-03 7.035E-03 4.671E-03 1.864E-02 2.188E+00 4.920E+03 -0.4187 1.343E+00
  1.200E+04 1.211E+04 2.195E+00 8.708E-03 9.189E-03 5.532E-03 2.343E-02 2.218E+00 5.827E+03 -0.4446 1.345E+00
  1.400E+04 1.411E+04 2.215E+00 1.054E-02 1.146E-02 6.384E-03 2.838E-02 2.244E+00 6.724E+03 -0.4667 1.346E+00
  1.700E+04 1.711E+04 2.241E+00 1.338E-02 1.505E-02 7.646E-03 3.607E-02 2.277E+00 8.051E+03 -0.4949 1.348E+00
  2.000E+04 2.011E+04 2.262E+00 1.631E-02 1.882E-02 8.894E-03 4.403E-02 2.306E+00 9.360E+03 -0.5188 1.348E+00
  2.500E+04 2.511E+04 2.289E+00 2.139E-02 2.558E-02 1.097E-02 5.795E-02 2.347E+00 1.151E+04 -0.5519 1.349E+00
  3.000E+04 3.011E+04 2.311E+00 2.666E-02 3.272E-02 1.303E-02 7.241E-02 2.383E+00 1.362E+04 -0.5792 1.350E+00
  3.500E+04 3.511E+04 2.329E+00 3.208E-02 4.017E-02 1.506E-02 8.731E-02 2.416E+00 1.571E+04 -0.6025 1.350E+00
  4.000E+04 4.011E+04 2.344E+00 3.763E-02 4.788E-02 1.708E-02 1.026E-01 2.447E+00 1.776E+04 -0.6227 1.351E+00
  4.500E+04 4.511E+04 2.358E+00 4.330E-02 5.583E-02 1.908E-02 1.182E-01 2.476E+00 1.979E+04 -0.6405 1.351E+00
  5.000E+04 5.011E+04 2.369E+00 4.906E-02 6.398E-02 2.107E-02 1.341E-01 2.503E+00 2.180E+04 -0.6566 1.351E+00
  5.500E+04 5.511E+04 2.380E+00 5.489E-02 7.218E-02 2.309E-02 1.502E-01 2.530E+00 2.379E+04 -0.6711 1.351E+00
  6.000E+04 6.011E+04 2.389E+00 6.080E-02 8.053E-02 2.511E-02 1.664E-01 2.556E+00 2.575E+04 -0.6844 1.351E+00
  7.000E+04 7.011E+04 2.406E+00 7.283E-02 9.765E-02 2.912E-02 1.996E-01 2.606E+00 2.963E+04 -0.7080 1.351E+00
  8.000E+04 8.011E+04 2.420E+00 8.512E-02 1.153E-01 3.310E-02 2.335E-01 2.654E+00 3.343E+04 -0.7284 1.351E+00
  9.000E+04 9.011E+04 2.433E+00 9.764E-02 1.333E-01 3.707E-02 2.680E-01 2.701E+00 3.717E+04 -0.7464 1.351E+00
  1.000E+05 1.001E+05 2.444E+00 1.103E-01 1.517E-01 4.102E-02 3.031E-01 2.747E+00 4.084E+04 -0.7626 1.351E+00
  1.200E+05 1.201E+05 2.463E+00 1.361E-01 1.890E-01 4.905E-02 3.741E-01 2.837E+00 4.800E+04 -0.7906 1.351E+00
  1.400E+05 1.401E+05 2.479E+00 1.624E-01 2.272E-01 5.705E-02 4.467E-01 2.925E+00 5.495E+04 -0.8142 1.351E+00
  1.700E+05 1.701E+05 2.499E+00 2.027E-01 2.863E-01 6.902E-02 5.580E-01 3.057E+00 6.498E+04 -0.8440 1.351E+00
  2.000E+05 2.001E+05 2.515E+00 2.440E-01 3.470E-01 8.094E-02 6.719E-01 3.187E+00 7.459E+04 -0.8689 1.351E+00
  2.500E+05 2.501E+05 2.538E+00 3.132E-01 4.469E-01 1.011E-01 8.613E-01 3.400E+00 8.977E+04 -0.9032 1.351E+00
  3.000E+05 3.001E+05 2.557E+00 3.839E-01 5.493E-01 1.213E-01 1.055E+00 3.611E+00 1.040E+05 -0.9312 1.351E+00
  3.500E+05 3.501E+05 2.573E+00 4.559E-01 6.536E-01 1.415E-01 1.251E+00 3.824E+00 1.175E+05 -0.9548 1.351E+00
  4.000E+05 4.001E+05 2.586E+00 5.290E-01 7.595E-01 1.616E-01 1.450E+00 4.037E+00 1.302E+05 -0.9753 1.351E+00
  4.500E+05 4.501E+05 2.598E+00 6.030E-01 8.670E-01 1.818E-01 1.652E+00 4.250E+00 1.423E+05 -0.9934 1.351E+00
  5.000E+05 5.001E+05 2.609E+00 6.778E-01 9.758E-01 2.019E-01 1.856E+00 4.465E+00 1.538E+05 -1.0096 1.351E+00
  5.500E+05 5.501E+05 2.619E+00 7.520E-01 1.083E+00 2.226E-01 2.058E+00 4.677E+00 1.647E+05 -1.0242 1.351E+00
  6.000E+05 6.001E+05 2.628E+00 8.268E-01 1.192E+00 2.434E-01 2.262E+00 4.890E+00 1.752E+05 -1.0376 1.351E+00
  6.927E+05 6.928E+05 2.643E+00 9.669E-01 1.395E+00 2.819E-01 2.643E+00 5.286E+00  Muon critical energy       
  7.000E+05 7.001E+05 2.644E+00 9.779E-01 1.411E+00 2.849E-01 2.673E+00 5.318E+00 1.948E+05 -1.0612 1.351E+00
  8.000E+05 8.001E+05 2.658E+00 1.131E+00 1.632E+00 3.267E-01 3.090E+00 5.748E+00 2.129E+05 -1.0817 1.351E+00
  9.000E+05 9.001E+05 2.670E+00 1.285E+00 1.856E+00 3.685E-01 3.510E+00 6.180E+00 2.296E+05 -1.0998 1.351E+00
  1.000E+06 1.000E+06 2.681E+00 1.441E+00 2.083E+00 4.104E-01 3.934E+00 6.615E+00 2.453E+05 -1.1160 1.351E+00
  1.200E+06 1.200E+06 2.700E+00 1.751E+00 2.527E+00 4.959E-01 4.775E+00 7.475E+00 2.737E+05 -1.1440 1.351E+00
  1.400E+06 1.400E+06 2.717E+00 2.065E+00 2.976E+00 5.819E-01 5.624E+00 8.340E+00 2.990E+05 -1.1676 1.351E+00
  1.700E+06 1.700E+06 2.737E+00 2.541E+00 3.657E+00 7.118E-01 6.910E+00 9.647E+00 3.324E+05 -1.1975 1.351E+00
  2.000E+06 2.000E+06 2.755E+00 3.023E+00 4.344E+00 8.424E-01 8.210E+00 1.096E+01 3.616E+05 -1.2224 1.351E+00
  2.500E+06 2.500E+06 2.779E+00 3.820E+00 5.478E+00 1.065E+00 1.036E+01 1.314E+01 4.032E+05 -1.2567 1.351E+00
  3.000E+06 3.000E+06 2.798E+00 4.625E+00 6.621E+00 1.290E+00 1.254E+01 1.533E+01 4.384E+05 -1.2847 1.351E+00
  3.500E+06 3.500E+06 2.815E+00 5.437E+00 7.771E+00 1.517E+00 1.472E+01 1.754E+01 4.688E+05 -1.3083 1.351E+00
  4.000E+06 4.000E+06 2.830E+00 6.254E+00 8.926E+00 1.745E+00 1.693E+01 1.976E+01 4.957E+05 -1.3288 1.351E+00
  4.500E+06 4.500E+06 2.843E+00 7.075E+00 1.009E+01 1.975E+00 1.914E+01 2.198E+01 5.197E+05 -1.3469 1.351E+00
  5.000E+06 5.000E+06 2.855E+00 7.901E+00 1.125E+01 2.206E+00 2.136E+01 2.422E+01 5.413E+05 -1.3631 1.351E+00
  5.500E+06 5.500E+06 2.865E+00 8.718E+00 1.241E+01 2.442E+00 2.357E+01 2.643E+01 5.611E+05 -1.3777 1.351E+00
  6.000E+06 6.000E+06 2.875E+00 9.538E+00 1.356E+01 2.679E+00 2.578E+01 2.865E+01 5.792E+05 -1.3911 1.351E+00
  7.000E+06 7.000E+06 2.892E+00 1.118E+01 1.588E+01 3.157E+00 3.022E+01 3.311E+01 6.117E+05 -1.4147 1.351E+00
  8.000E+06 8.000E+06 2.908E+00 1.284E+01 1.821E+01 3.639E+00 3.468E+01 3.759E+01 6.400E+05 -1.4352 1.351E+00
  9.000E+06 9.000E+06 2.921E+00 1.450E+01 2.054E+01 4.124E+00 3.916E+01 4.208E+01 6.651E+05 -1.4533 1.351E+00
  1.000E+07 1.000E+07 2.933E+00 1.616E+01 2.288E+01 4.613E+00 4.365E+01 4.659E+01 6.877E+05 -1.4695 1.351E+00
  1.200E+07 1.200E+07 2.954E+00 1.947E+01 2.753E+01 5.610E+00 5.261E+01 5.557E+01 7.270E+05 -1.4975 1.351E+00
  1.400E+07 1.400E+07 2.972E+00 2.280E+01 3.219E+01 6.619E+00 6.161E+01 6.458E+01 7.603E+05 -1.5212 1.351E+00
  1.700E+07 1.700E+07 2.995E+00 2.781E+01 3.920E+01 8.149E+00 7.515E+01 7.815E+01 8.025E+05 -1.5510 1.351E+00
  2.000E+07 2.000E+07 3.014E+00 3.283E+01 4.622E+01 9.698E+00 8.876E+01 9.177E+01 8.379E+05 -1.5759 1.351E+00
  2.500E+07 2.500E+07 3.040E+00 4.117E+01 5.789E+01 1.235E+01 1.114E+02 1.144E+02 8.866E+05 -1.6102 1.351E+00
  3.000E+07 3.000E+07 3.062E+00 4.952E+01 6.959E+01 1.504E+01 1.341E+02 1.372E+02 9.264E+05 -1.6382 1.351E+00
  3.500E+07 3.500E+07 3.081E+00 5.789E+01 8.129E+01 1.776E+01 1.569E+02 1.600E+02 9.601E+05 -1.6619 1.351E+00
  4.000E+07 4.000E+07 3.097E+00 6.628E+01 9.302E+01 2.051E+01 1.798E+02 1.829E+02 9.894E+05 -1.6824 1.351E+00
  4.500E+07 4.500E+07 3.112E+00 7.468E+01 1.048E+02 2.329E+01 2.027E+02 2.058E+02 1.015E+06 -1.7004 1.351E+00
  5.000E+07 5.000E+07 3.125E+00 8.310E+01 1.165E+02 2.609E+01 2.257E+02 2.288E+02 1.038E+06 -1.7166 1.351E+00
  5.500E+07 5.500E+07 3.137E+00 9.148E+01 1.282E+02 2.894E+01 2.486E+02 2.518E+02 1.059E+06 -1.7312 1.351E+00
  6.000E+07 6.000E+07 3.147E+00 9.987E+01 1.399E+02 3.181E+01 2.716E+02 2.747E+02 1.078E+06 -1.7446 1.351E+00
  7.000E+07 7.000E+07 3.167E+00 1.167E+02 1.634E+02 3.760E+01 3.176E+02 3.208E+02 1.112E+06 -1.7683 1.351E+00
  8.000E+07 8.000E+07 3.184E+00 1.335E+02 1.868E+02 4.346E+01 3.638E+02 3.670E+02 1.141E+06 -1.7888 1.351E+00
  9.000E+07 9.000E+07 3.198E+00 1.503E+02 2.103E+02 4.937E+01 4.100E+02 4.132E+02 1.166E+06 -1.8069 1.351E+00
  1.000E+08 1.000E+08 3.212E+00 1.672E+02 2.338E+02 5.534E+01 4.563E+02 4.595E+02 1.189E+06 -1.8230 1.351E+00
  1.200E+08 1.200E+08 3.235E+00 2.006E+02 2.805E+02 6.641E+01 5.476E+02 5.508E+02 1.229E+06 -1.8510 1.351E+00
  1.400E+08 1.400E+08 3.255E+00 2.341E+02 3.273E+02 7.748E+01 6.388E+02 6.421E+02 1.263E+06 -1.8747 1.351E+00
  1.700E+08 1.700E+08 3.281E+00 2.842E+02 3.974E+02 9.408E+01 7.757E+02 7.790E+02 1.305E+06 -1.9045 1.351E+00
  2.000E+08 2.000E+08 3.302E+00 3.344E+02 4.676E+02 1.107E+02 9.126E+02 9.159E+02 1.340E+06 -1.9295 1.351E+00
  2.500E+08 2.500E+08 3.332E+00 4.180E+02 5.845E+02 1.384E+02 1.141E+03 1.144E+03 1.389E+06 -1.9637 1.351E+00
  3.000E+08 3.000E+08 3.356E+00 5.015E+02 7.013E+02 1.660E+02 1.369E+03 1.372E+03 1.429E+06 -1.9917 1.351E+00
  3.500E+08 3.500E+08 3.377E+00 5.851E+02 8.182E+02 1.937E+02 1.597E+03 1.600E+03 1.463E+06 -2.0154 1.351E+00
  4.000E+08 4.000E+08 3.395E+00 6.687E+02 9.351E+02 2.214E+02 1.825E+03 1.829E+03 1.492E+06 -2.0359 1.351E+00
  4.500E+08 4.500E+08 3.411E+00 7.523E+02 1.052E+03 2.490E+02 2.053E+03 2.057E+03 1.518E+06 -2.0540 1.351E+00
  5.000E+08 5.000E+08 3.426E+00 8.359E+02 1.169E+03 2.767E+02 2.282E+03 2.285E+03 1.541E+06 -2.0701 1.351E+00
  5.500E+08 5.500E+08 3.439E+00 9.195E+02 1.286E+03 3.044E+02 2.510E+03 2.513E+03 1.562E+06 -2.0848 1.351E+00
  6.000E+08 6.000E+08 3.451E+00 1.003E+03 1.403E+03 3.320E+02 2.738E+03 2.741E+03 1.581E+06 -2.0981 1.351E+00
  7.000E+08 7.000E+08 3.473E+00 1.170E+03 1.636E+03 3.874E+02 3.194E+03 3.198E+03 1.614E+06 -2.1218 1.351E+00
  8.000E+08 8.000E+08 3.491E+00 1.337E+03 1.870E+03 4.427E+02 3.650E+03 3.654E+03 1.644E+06 -2.1423 1.351E+00
  9.000E+08 9.000E+08 3.508E+00 1.505E+03 2.104E+03 4.981E+02 4.107E+03 4.110E+03 1.669E+06 -2.1604 1.351E+00
  1.000E+09 1.000E+09 3.523E+00 1.672E+03 2.338E+03 5.534E+02 4.563E+03 4.567E+03 1.693E+06 -2.1766 1.351E+00
